[4,675] loss: 1.018
[4,676] loss: 0.711
[4,677] loss: 0.642
[4,678] loss: 0.746
[4,679] loss: 0.431
[4,680] loss: 0.403
[4,681] loss: 0.311
[4,682] loss: 0.594
[4,683] loss: 1.463
[4,684] loss: 0.955
[4,685] loss: 1.233
[4,686] loss: 1.042
[4,687] loss: 1.052
[4,688] loss: 0.681
[4,689] loss: 0.545
[4,690] loss: 0.600
[4,691] loss: 0.698
[4,692] loss: 0.926
[4,693] loss: 0.741
[4,694] loss: 0.583
[4,695] loss: 1.974
[4,696] loss: 1.154
[4,697] loss: 0.700
[4,698] loss: 0.579
[4,699] loss: 0.748
[4,700] loss: 0.844
[4,701] loss: 0.908
[4,702] loss: 0.793
[4,703] loss: 0.753
[4,704] loss: 1.050
[4,705] loss: 1.434
[4,706] loss: 0.818
[4,707] loss: 1.076
[4,708] loss: 0.979
[4,709] loss: 0.712
[4,710] loss: 0.878
[4,711] loss: 0.829
[4,712] loss: 2.288
[4,713] loss: 0.682
[4,714] loss: 1.257
[4,715] loss: 0.630
[4,716] loss: 1.174
[4,717] loss: 0.483
[4,718] loss: 0.685
[4,719] loss: 1.652
[4,720] loss: 0.996
[4,721] loss: 0.892
[4,722] loss: 0.762
[4,723] loss: 0.606
[4,724] loss: 1.095
[4,725] loss: 0.555
[4,726] loss: 1.733
[4,727] loss: 0.960
[4,728] loss: 1.193
[4,729] loss: 0.787
[4,730] loss: 0.480
[4,731] loss: 1.477
[4,732] loss: 1.344
[4,733] loss: 0.721
[4,734] loss: 1.757
[4,735] loss: 1.348
[4,736] loss: 0.251
[4,737] loss: 1.605
[4,738] loss: 0.843
[4,739] loss: 0.836
[4,740] loss: 0.700
[4,741] loss: 0.948
[4,742] loss: 0.625
[4,743] loss: 1.371
[4,744] loss: 0.936
[4,745] loss: 1.094
[4,746] loss: 0.326
[4,747] loss: 0.494
[4,748] loss: 1.597
[4,749] loss: 0.638
[4,750] loss: 0.760
[4,751] loss: 0.533
[4,752] loss: 0.820
[4,753] loss: 1.752
[4,754] loss: 0.416
[4,755] loss: 1.463
[4,756] loss: 0.599
[4,757] loss: 1.128
[4,758] loss: 0.213
[4,759] loss: 1.264
[4,760] loss: 1.219
[4,761] loss: 1.401
[4,762] loss: 1.412
[4,763] loss: 0.764
[4,764] loss: 0.701
[4,765] loss: 0.681
[4,766] loss: 0.831
[4,767] loss: 0.924
[4,768] loss: 0.425
[4,769] loss: 1.444
[4,770] loss: 0.244
[4,771] loss: 0.713
[4,772] loss: 0.573
[4,773] loss: 0.636
[4,774] loss: 0.672
[4,775] loss: 0.511
[4,776] loss: 1.108
[4,777] loss: 1.082
[4,778] loss: 0.548
[4,779] loss: 0.756
[4,780] loss: 0.879
[4,781] loss: 1.173
[4,782] loss: 1.722
[4,783] loss: 0.649
[4,784] loss: 0.366
[4,785] loss: 0.695
[4,786] loss: 0.676
[4,787] loss: 0.365
[4,788] loss: 1.540
[4,789] loss: 1.664
[4,790] loss: 0.878
[4,791] loss: 1.031
[4,792] loss: 0.674
[4,793] loss: 0.735
[4,794] loss: 0.567
[4,795] loss: 1.543
[4,796] loss: 1.109
[4,797] loss: 0.513
[4,798] loss: 1.304
[4,799] loss: 1.047
[4,800] loss: 0.661
[4,801] loss: 1.181
[4,802] loss: 2.499
[4,803] loss: 1.218
[4,804] loss: 1.240
[4,805] loss: 1.413
[4,806] loss: 0.990
[4,807] loss: 1.546
[4,808] loss: 0.268
[4,809] loss: 1.786
[4,810] loss: 0.800
[4,811] loss: 2.085
[4,812] loss: 1.433
[4,813] loss: 1.049
[4,814] loss: 1.090
[4,815] loss: 0.419
[4,816] loss: 1.368
[4,817] loss: 0.749
[4,818] loss: 1.071
[4,819] loss: 0.879
[4,820] loss: 0.858
[4,821] loss: 1.443
[4,822] loss: 1.490
[4,823] loss: 0.771
[4,824] loss: 0.774
[4,825] loss: 0.519
[4,826] loss: 0.658
[4,827] loss: 0.505
[4,828] loss: 0.219
[4,829] loss: 1.761
[4,830] loss: 0.849
[4,831] loss: 1.166
[4,832] loss: 0.888
[4,833] loss: 0.556
[4,834] loss: 0.917
[4,835] loss: 1.043
[4,836] loss: 0.744
[4,837] loss: 0.362
[4,838] loss: 1.058
[4,839] loss: 1.048
[4,840] loss: 0.846
[4,841] loss: 0.264
[4,842] loss: 0.358
[4,843] loss: 0.490
[4,844] loss: 0.531
[4,845] loss: 0.491
[4,846] loss: 0.262
[4,847] loss: 1.006
[4,848] loss: 0.779
[4,849] loss: 0.959
[4,850] loss: 0.305
[4,851] loss: 0.917
[4,852] loss: 0.940
[4,853] loss: 1.107
[4,854] loss: 1.170
[4,855] loss: 0.982
[4,856] loss: 1.067
[4,857] loss: 1.303
[4,858] loss: 1.306
[4,859] loss: 0.781
[4,860] loss: 0.389
[4,861] loss: 1.408
[4,862] loss: 0.840
[4,863] loss: 0.278
[4,864] loss: 0.133
[4,865] loss: 1.226
[4,866] loss: 0.587
[4,867] loss: 1.350
[4,868] loss: 0.238
[4,869] loss: 0.452
[4,870] loss: 1.352
[4,871] loss: 0.621
[4,872] loss: 1.222
[4,873] loss: 1.124
[4,874] loss: 0.857
[4,875] loss: 1.236
[4,876] loss: 0.783
[4,877] loss: 0.906
[4,878] loss: 0.554
[4,879] loss: 0.955
[4,880] loss: 1.091
[4,881] loss: 0.896
[4,882] loss: 0.927
[4,883] loss: 0.483
[4,884] loss: 0.921
[4,885] loss: 0.727
[4,886] loss: 1.250
[4,887] loss: 0.595
[4,888] loss: 0.374
[4,889] loss: 0.618
[4,890] loss: 0.570
[4,891] loss: 0.532
[4,892] loss: 1.199
[4,893] loss: 0.680
[4,894] loss: 0.565
[4,895] loss: 0.926
[4,896] loss: 0.611
[4,897] loss: 0.735
[4,898] loss: 0.609
[4,899] loss: 0.987
[4,900] loss: 0.554
[4,901] loss: 0.395
[4,902] loss: 1.130
[4,903] loss: 0.599
[4,904] loss: 0.722
[4,905] loss: 1.041
[4,906] loss: 1.139
[4,907] loss: 1.489
[4,908] loss: 0.766
[4,909] loss: 0.491
[4,910] loss: 0.265
[4,911] loss: 0.923
[4,912] loss: 0.612
[4,913] loss: 0.570
[4,914] loss: 1.465
[4,915] loss: 1.257
[4,916] loss: 0.754
[4,917] loss: 0.873
[4,918] loss: 0.978
[4,919] loss: 0.792
[4,920] loss: 1.055
[4,921] loss: 1.125
[4,922] loss: 0.984
[4,923] loss: 1.022
[4,924] loss: 1.300
[4,925] loss: 1.092
[4,926] loss: 1.281
[4,927] loss: 0.220
[4,928] loss: 0.682
[4,929] loss: 0.769
[4,930] loss: 0.616
[4,931] loss: 0.419
[4,932] loss: 1.521
[4,933] loss: 1.513
[4,934] loss: 1.144
[4,935] loss: 0.917
[4,936] loss: 0.598
[4,937] loss: 0.424
[4,938] loss: 0.751
[4,939] loss: 0.504
[4,940] loss: 0.731
[4,941] loss: 0.657
[4,942] loss: 0.484
[4,943] loss: 0.569
[4,944] loss: 0.640
[4,945] loss: 0.595
[4,946] loss: 0.409
[4,947] loss: 0.432
[4,948] loss: 0.482
[4,949] loss: 0.994
[4,950] loss: 0.697
[4,951] loss: 1.139
[4,952] loss: 0.481
[4,953] loss: 1.324
[4,954] loss: 0.562
[4,955] loss: 1.531
[4,956] loss: 0.919
[4,957] loss: 0.458
[4,958] loss: 1.302
[4,959] loss: 0.296
[4,960] loss: 0.869
[4,961] loss: 0.602
[4,962] loss: 1.444
[4,963] loss: 0.620
[4,964] loss: 0.824
[4,965] loss: 1.087
[4,966] loss: 0.745
[4,967] loss: 0.805
[4,968] loss: 0.585
[4,969] loss: 0.943
[4,970] loss: 0.439
[4,971] loss: 1.565
[4,972] loss: 0.747
[4,973] loss: 0.883
[4,974] loss: 0.702
[4,975] loss: 1.053
[4,976] loss: 0.482
[4,977] loss: 1.043
[4,978] loss: 0.582
[4,979] loss: 0.958
[4,980] loss: 0.872
[4,981] loss: 1.035
[4,982] loss: 1.484
[4,983] loss: 1.008
[4,984] loss: 0.580
[4,985] loss: 1.112
[4,986] loss: 1.831
[4,987] loss: 0.577
[4,988] loss: 0.535
[4,989] loss: 1.188
[4,990] loss: 1.076
[4,991] loss: 1.845
[4,992] loss: 0.568
[4,993] loss: 0.611
[4,994] loss: 1.676
[4,995] loss: 0.736
[4,996] loss: 1.694
[4,997] loss: 0.971
[4,998] loss: 0.772
[4,999] loss: 0.833
[4,1000] loss: 0.770
[4,1001] loss: 1.157
[4,1002] loss: 0.839
[4,1003] loss: 0.971
[4,1004] loss: 0.569
[4,1005] loss: 0.445
[4,1006] loss: 0.714
[4,1007] loss: 0.596
[4,1008] loss: 1.131
[4,1009] loss: 1.214
[4,1010] loss: 0.516
[4,1011] loss: 1.281
[4,1012] loss: 0.667
[4,1013] loss: 0.391
[4,1014] loss: 0.934
[4,1015] loss: 1.237
[4,1016] loss: 0.680
[4,1017] loss: 1.404
[4,1018] loss: 0.188
[4,1019] loss: 0.891
[4,1020] loss: 0.677
[4,1021] loss: 1.274
[4,1022] loss: 1.154
[4,1023] loss: 0.698
[4,1024] loss: 0.746
[4,1025] loss: 0.623
[4,1026] loss: 1.272
[4,1027] loss: 0.226
[4,1028] loss: 0.612
[4,1029] loss: 0.451
[4,1030] loss: 0.652
[4,1031] loss: 1.316
[4,1032] loss: 0.343
[4,1033] loss: 1.128
[4,1034] loss: 0.317
[4,1035] loss: 1.092
[4,1036] loss: 1.112
[4,1037] loss: 0.704
[4,1038] loss: 1.445
[4,1039] loss: 0.808
[4,1040] loss: 1.200
[4,1041] loss: 1.541
[4,1042] loss: 0.999
[4,1043] loss: 0.685
[4,1044] loss: 0.342
[4,1045] loss: 0.987
[4,1046] loss: 0.436
[4,1047] loss: 1.235
[4,1048] loss: 0.525
[4,1049] loss: 1.259
[4,1050] loss: 1.220
[4,1051] loss: 0.802
[4,1052] loss: 0.678
[4,1053] loss: 0.800
[4,1054] loss: 0.688
[4,1055] loss: 0.432
[4,1056] loss: 1.205
[4,1057] loss: 1.991
[4,1058] loss: 0.991
[4,1059] loss: 0.741
[4,1060] loss: 0.557
[4,1061] loss: 1.021
[4,1062] loss: 0.794
[4,1063] loss: 0.741
[4,1064] loss: 1.323
[4,1065] loss: 0.872
[4,1066] loss: 0.668
[4,1067] loss: 0.957
[4,1068] loss: 0.665
[4,1069] loss: 0.573
[4,1070] loss: 0.506
[4,1071] loss: 0.779
[4,1072] loss: 0.434
[4,1073] loss: 0.637
[4,1074] loss: 0.825
[4,1075] loss: 1.314
[4,1076] loss: 0.746
[4,1077] loss: 1.122
[4,1078] loss: 0.775
[4,1079] loss: 0.680
[4,1080] loss: 0.997
[4,1081] loss: 0.571
[4,1082] loss: 0.563
[4,1083] loss: 1.048
[4,1084] loss: 0.623
[4,1085] loss: 0.670
[4,1086] loss: 0.884
[4,1087] loss: 0.498
[4,1088] loss: 1.168
[4,1089] loss: 0.658
[4,1090] loss: 0.571
[4,1091] loss: 1.425
[4,1092] loss: 0.781
[4,1093] loss: 1.314
[4,1094] loss: 0.501
[4,1095] loss: 1.351
[4,1096] loss: 1.396
[4,1097] loss: 1.175
[4,1098] loss: 0.696
[4,1099] loss: 1.477
[4,1100] loss: 0.680
[4,1101] loss: 1.186
[4,1102] loss: 0.664
[4,1103] loss: 0.926
[4,1104] loss: 0.559
[4,1105] loss: 0.738
[4,1106] loss: 0.861
[4,1107] loss: 0.444
[4,1108] loss: 0.663
[4,1109] loss: 0.451
[4,1110] loss: 1.590
[4,1111] loss: 1.217
[4,1112] loss: 2.365
[4,1113] loss: 0.959
[4,1114] loss: 0.533
[4,1115] loss: 1.079
[4,1116] loss: 0.754
[4,1117] loss: 0.447
[4,1118] loss: 0.808
[4,1119] loss: 0.607
[4,1120] loss: 0.788
[4,1121] loss: 0.630
[4,1122] loss: 0.787
[4,1123] loss: 0.413
[4,1124] loss: 0.461
[4,1125] loss: 1.279
[4,1126] loss: 0.219
[4,1127] loss: 1.135
[4,1128] loss: 0.503
[4,1129] loss: 0.841
[4,1130] loss: 0.638
[4,1131] loss: 0.725
[4,1132] loss: 1.869
[4,1133] loss: 0.348
[4,1134] loss: 1.890
[4,1135] loss: 1.115
[4,1136] loss: 0.905
[4,1137] loss: 0.775
[4,1138] loss: 0.586
[4,1139] loss: 0.941
[4,1140] loss: 0.339
[4,1141] loss: 0.720
[4,1142] loss: 0.727
[4,1143] loss: 1.417
[4,1144] loss: 1.679
[4,1145] loss: 0.491
[4,1146] loss: 0.793
[4,1147] loss: 0.418
[4,1148] loss: 0.657
[4,1149] loss: 0.460
[4,1150] loss: 1.101
[4,1151] loss: 0.666
[4,1152] loss: 0.606
[4,1153] loss: 1.010
[4,1154] loss: 1.519
[4,1155] loss: 1.182
[4,1156] loss: 1.107
[4,1157] loss: 0.206
[4,1158] loss: 0.649
[4,1159] loss: 0.684
[4,1160] loss: 1.081
[4,1161] loss: 0.904
[4,1162] loss: 0.705
[4,1163] loss: 0.879
[4,1164] loss: 1.078
[4,1165] loss: 0.962
[4,1166] loss: 1.595
[4,1167] loss: 0.744
[4,1168] loss: 1.207
[4,1169] loss: 1.069
[4,1170] loss: 1.393
[4,1171] loss: 0.662
[4,1172] loss: 0.122
[4,1173] loss: 1.409
[4,1174] loss: 0.700
[4,1175] loss: 1.465
[4,1176] loss: 1.142
[4,1177] loss: 0.224
[4,1178] loss: 0.884
[4,1179] loss: 1.002
[4,1180] loss: 0.216
[4,1181] loss: 0.386
[4,1182] loss: 0.661
[4,1183] loss: 0.827
[4,1184] loss: 1.096
[4,1185] loss: 0.596
[4,1186] loss: 0.379
[4,1187] loss: 0.757
[4,1188] loss: 0.190
[4,1189] loss: 1.073
[4,1190] loss: 1.115
[4,1191] loss: 0.879
[4,1192] loss: 1.078
Finished Training